day	month	year	accountNo	transtype	amount	toAccount
1	3	2025	222	withdraw	200.00
1	3	2025	555	withdraw	300.00
1	3	2025	888	withdraw	200.00
2	3	2025	999	deposit	400.00
2	3	2025	111	withdraw	5500.00
2	3	2025	222	transfer	550.00	666
2	3	2025	666	withdraw	452.00
2	3	2025	666	withdraw	120.00
3	3	2025	333	withdraw	2150.00
4	3	2025	444	transfer	430.00	111
4	3	2025	777	transfer	570.00	444
5	3	2025	111	deposit	220.00
5	3	2025	999	transfer	37.00	888
7	3	2025	444	transfer	570.00	777
9	3	2025	111	withdraw	10.00
14	3	2025	111	deposit	2500.00
14	3	2025	111	withdraw	2750.00
14	3	2025	111	withdraw	2750.00